0 0.3632712662220001
1 0.13431380689144135
2 -0.060499127954244614
3 -0.21177400648593903
4 -0.31347963213920593
5 -0.3632712662220001
6 -0.3625742495059967
7 -0.31642255187034607
8 -0.23306378722190857
9 -0.1233566552400589
10 -1.2246468525851679e-16
11 0.1233566552400589
12 0.23306378722190857
13 0.31642255187034607
14 0.3625742495059967
15 0.3632712662220001
16 0.31347963213920593
17 0.21177400648593903
18 0.060499127954244614
19 -0.13431380689144135
20 -0.3632712662220001
21 -0.6141626834869385
22 -0.8726934790611267
23 -1.1233599185943604
24 -1.3504117727279663
25 -1.538841724395752
26 -1.6753402948379517
27 -1.7491549253463745
28 -1.752800464630127
29 -1.6825737953186035
30 -1.538841724395752
31 -1.32608163356781
32 -1.0526716709136963
33 -0.73044353723526
34 -0.37402310967445374
35 0.0
36 0.37402310967445374
37 0.73044353723526
38 1.0526716709136963
39 1.32608163356781
40 1.538841724395752
41 1.6825737953186035
42 1.752800464630127
43 1.7491549253463745
44 1.6753402948379517
45 1.538841724395752
46 1.3504117727279663
47 1.1233599185943604
48 0.8726934790611267
49 0.6141626834869385
50 0.3632712662220001
51 0.13431380689144135
52 -0.060499127954244614
53 -0.21177400648593903
54 -0.31347963213920593
55 -0.3632712662220001
56 -0.3625742495059967
57 -0.31642255187034607
58 -0.23306378722190857
59 -0.1233566552400589
60 -1.2246468525851679e-16
61 0.1233566552400589
62 0.23306378722190857
63 0.31642255187034607
64 0.3625742495059967
65 0.3632712662220001
66 0.31347963213920593
67 0.21177400648593903
68 0.060499127954244614
69 -0.13431380689144135
70 -0.3632712662220001
71 -0.6141626834869385
72 -0.8726934790611267
73 -1.1233599185943604
74 -1.3504117727279663
75 -1.538841724395752
76 -1.6753402948379517
77 -1.7491549253463745
78 -1.752800464630127
79 -1.6825737953186035
80 -1.538841724395752
81 -1.32608163356781
82 -1.0526716709136963
83 -0.73044353723526
84 -0.37402310967445374
85 0.0
86 0.37402310967445374
87 0.73044353723526
88 1.0526716709136963
89 1.32608163356781
90 1.538841724395752
91 1.6825737953186035
92 1.752800464630127
93 1.7491549253463745
94 1.6753402948379517
95 1.538841724395752
96 1.3504117727279663
97 1.1233599185943604
98 0.8726934790611267
99 0.6141626834869385
100 0.3632712662220001
101 0.13431380689144135
102 -0.060499127954244614
103 -0.21177400648593903
104 -0.31347963213920593
105 -0.3632712662220001
106 -0.3625742495059967
107 -0.31642255187034607
108 -0.23306378722190857
109 -0.1233566552400589
110 -1.2246468525851679e-16
111 0.1233566552400589
112 0.23306378722190857
113 0.31642255187034607
114 0.3625742495059967
115 0.3632712662220001
116 0.31347963213920593
117 0.21177400648593903
118 0.060499127954244614
119 -0.13431380689144135
120 -0.3632712662220001
121 -0.6141626834869385
122 -0.8726934790611267
123 -1.1233599185943604
124 -1.3504117727279663
125 -1.538841724395752
126 -1.6753402948379517
127 -1.7491549253463745
128 -1.752800464630127
129 -1.6825737953186035
130 -1.538841724395752
131 -1.32608163356781
132 -1.0526716709136963
133 -0.73044353723526
134 -0.37402310967445374
135 0.0
136 0.37402310967445374
137 0.73044353723526
138 1.0526716709136963
139 1.32608163356781
140 1.538841724395752
141 1.6825737953186035
142 1.752800464630127
143 1.7491549253463745
144 1.6753402948379517
145 1.538841724395752
146 1.3504117727279663
147 1.1233599185943604
148 0.8726934790611267
149 0.6141626834869385
150 0.3632712662220001
151 0.13431380689144135
152 -0.060499127954244614
153 -0.21177400648593903
154 -0.31347963213920593
155 -0.3632712662220001
156 -0.3625742495059967
157 -0.31642255187034607
158 -0.23306378722190857
159 -0.1233566552400589
160 -1.2246468525851679e-16
161 0.1233566552400589
162 0.23306378722190857
163 0.31642255187034607
164 0.3625742495059967
165 0.3632712662220001
166 0.31347963213920593
167 0.21177400648593903
168 0.060499127954244614
169 -0.13431380689144135
170 -0.3632712662220001
171 -0.6141626834869385
172 -0.8726934790611267
173 -1.1233599185943604
174 -1.3504117727279663
175 -1.538841724395752
176 -1.6753402948379517
177 -1.7491549253463745
178 -1.752800464630127
179 -1.6825737953186035
180 -1.538841724395752
181 -1.32608163356781
182 -1.0526716709136963
183 -0.73044353723526
184 -0.37402310967445374
185 0.0
186 0.37402310967445374
187 0.73044353723526
188 1.0526716709136963
189 1.32608163356781
190 1.538841724395752
191 1.6825737953186035
192 1.752800464630127
193 1.7491549253463745
194 1.6753402948379517
195 1.538841724395752
196 1.3504117727279663
197 1.1233599185943604
198 0.8726934790611267
199 0.6141626834869385
200 0.3632712662220001
201 0.13431380689144135
202 -0.060499127954244614
203 -0.21177400648593903
204 -0.31347963213920593
205 -0.3632712662220001
206 -0.3625742495059967
207 -0.31642255187034607
208 -0.23306378722190857
209 -0.1233566552400589
210 -1.2246468525851679e-16
211 0.1233566552400589
212 0.23306378722190857
213 0.31642255187034607
214 0.3625742495059967
215 0.3632712662220001
216 0.31347963213920593
217 0.21177400648593903
218 0.060499127954244614
219 -0.13431380689144135
220 -0.3632712662220001
221 -0.6141626834869385
222 -0.8726934790611267
223 -1.1233599185943604
224 -1.3504117727279663
225 -1.538841724395752
226 -1.6753402948379517
227 -1.7491549253463745
228 -1.752800464630127
229 -1.6825737953186035
230 -1.538841724395752
231 -1.32608163356781
232 -1.0526716709136963
233 -0.73044353723526
234 -0.37402310967445374
235 0.0
236 0.37402310967445374
237 0.73044353723526
238 1.0526716709136963
239 1.32608163356781
240 1.538841724395752
241 1.6825737953186035
242 1.752800464630127
243 1.7491549253463745
244 1.6753402948379517
245 1.538841724395752
246 1.3504117727279663
247 1.1233599185943604
248 0.8726934790611267
249 0.6141626834869385
250 0.3632712662220001
251 0.13431380689144135
252 -0.060499127954244614
253 -0.21177400648593903
254 -0.31347963213920593
255 -0.3632712662220001
256 -0.3625742495059967
257 -0.31642255187034607
258 -0.23306378722190857
259 -0.1233566552400589
260 -1.2246468525851679e-16
261 0.1233566552400589
262 0.23306378722190857
263 0.31642255187034607
264 0.3625742495059967
265 0.3632712662220001
266 0.31347963213920593
267 0.21177400648593903
268 0.060499127954244614
269 -0.13431380689144135
270 -0.3632712662220001
271 -0.6141626834869385
272 -0.8726934790611267
273 -1.1233599185943604
274 -1.3504117727279663
275 -1.538841724395752
276 -1.6753402948379517
277 -1.7491549253463745
278 -1.752800464630127
279 -1.6825737953186035
280 -1.538841724395752
281 -1.32608163356781
282 -1.0526716709136963
283 -0.73044353723526
284 -0.37402310967445374
285 0.0
286 0.37402310967445374
287 0.73044353723526
288 1.0526716709136963
289 1.32608163356781
290 1.538841724395752
291 1.6825737953186035
292 1.752800464630127
293 1.7491549253463745
294 1.6753402948379517
295 1.538841724395752
296 1.3504117727279663
297 1.1233599185943604
298 0.8726934790611267
299 0.6141626834869385
