74 -1.3504117727279663
75 -1.546586275100708
76 -1.6900756359100342
77 -1.7620849609375
78 -1.75946843624115
79 -1.6891378164291382
80 -1.555306315422058
81 -1.3558154106140137
82 -1.0889883041381836
83 -0.7658431529998779
84 -0.410567045211792
85 -0.041343748569488525
86 0.33361977338790894
87 0.6960228681564331
88 1.0206042528152466
89 1.2973268032073975
90 1.5204668045043945
91 1.6749347448349
92 1.7499250173568726
93 1.747942566871643
94 1.6787751913070679
95 1.5516563653945923
96 1.3729084730148315
97 1.1496493816375732
98 0.8959050178527832
99 0.6324349641799927
100 0.37697333097457886
101 0.14109361171722412
102 -0.06160688400268555
103 -0.21733900904655457
104 -0.3200525939464569
105 -0.370893657207489
106 -0.3739158511161804
107 -0.33418336510658264
108 -0.2582917809486389
109 -0.1554991602897644
110 -0.03799313306808472
111 0.08029571175575256
112 0.18578612804412842
113 0.26697033643722534
114 0.3148321509361267
115 0.3221029043197632
116 0.2823601961135864
117 0.19009077548980713
118 0.042431384325027466
119 -0.15750157833099365
120 -0.39761751890182495
121 -0.6581935882568359
122 -0.9193175435066223
123 -1.168047308921814
124 -1.3958868980407715
125 -1.5884114503860474
126 -1.7229276895523071
127 -1.7829004526138306
128 -1.7687015533447266
129 -1.688427448272705
130 -1.545513391494751
131 -1.336910367012024
132 -1.0612974166870117
133 -0.7314439415931702
134 -0.37226343154907227
135 -0.00048679113388061523
136 0.3758915662765503
137 0.7369657754898071
138 1.057926058769226
139 1.329841136932373
140 1.5457603931427002
141 1.690390944480896
142 1.7548800706863403
143 1.7434090375900269
144 1.6661516427993774
145 1.531981348991394
146 1.3469963073730469
147 1.1188764572143555
148 0.8627599477767944
149 0.5996471643447876
150 0.346255898475647
151 0.1138889491558075
152 -0.08343058824539185
153 -0.23253773152828217
154 -0.32845285534858704
155 -0.3728848099708557
156 -0.3700571060180664
157 -0.3251854181289673
158 -0.24517318606376648
159 -0.13969427347183228
160 -0.02127721905708313
161 0.0960584282875061
162 0.19892436265945435
163 0.2761498689651489
164 0.3190114498138428
165 0.3203996419906616
166 0.273987352848053
167 0.17448478937149048
168 0.019620776176452637
169 -0.18641820549964905
170 -0.43032610416412354
171 -0.69185870885849
172 -0.9517747759819031
173 -1.19814133644104
174 -1.4223304986953735
175 -1.6086444854736328
176 -1.734165906906128
177 -1.7843250036239624
178 -1.7612594366073608
179 -1.6729482412338257
180 -1.5218538045883179
181 -1.304527759552002
182 -1.0208641290664673
183 -0.6858724355697632
184 -0.3245701193809509
185 0.04823163151741028
186 0.4240204691886902
187 0.7809664011001587
188 1.0956947803497314
189 1.3609563112258911
190 1.5685842037200928
191 1.7031234502792358
192 1.7574151754379272
193 1.736913800239563
194 1.6519310474395752
195 1.5109270811080933
196 1.3198634386062622
197 1.087106704711914
198 0.8288936614990234
199 0.5662673711776733
200 0.31494009494781494
201 0.08620333671569824
202 -0.1055266261100769
203 -0.24789302051067352
204 -0.3370131850242615
205 -0.37511712312698364
206 -0.3665769100189209
207 -0.3167598247528076
208 -0.23287364840507507
209 -0.12498363852500916
210 -0.005912512540817261
211 0.11028119921684265
212 0.21042990684509277
213 0.2836933135986328
214 0.32161378860473633
215 0.3172144293785095
216 0.264254093170166
217 0.15767985582351685
218 -0.004161089658737183
219 -0.21600201725959778
220 -0.46338170766830444
221 -0.725666880607605
222 -0.9843599796295166
223 -1.2284212112426758
224 -1.4488643407821655
225 -1.6286708116531372
226 -1.74496591091156
227 -1.7853201627731323
228 -1.7534734010696411
229 -1.657127022743225
230 -1.4977754354476929
231 -1.271711826324463
232 -0.9802373647689819
233 -0.6404982805252075
234 -0.27722132205963135
235 0.09659245610237122
236 0.4715087413787842
237 0.8240351676940918
238 1.132584810256958
239 1.3911564350128174
240 1.5902464389801025
241 1.7145763635635376
242 1.7587631940841675
243 1.7293988466262817
244 1.6368218660354614
245 1.4890708923339844
246 1.292056918144226
247 1.0549376010894775
248 0.7949994802474976
249 0.5331250429153442
250 0.2840403914451599
251 0.059188663959503174
252 -0.12673676013946533
253 -0.2623059153556824
254 -0.34467583894729614
255 -0.37652528285980225
256 -0.3623577952384949
257 -0.30770936608314514
258 -0.220112144947052
259 -0.11002284288406372
260 0.00946691632270813
261 0.12429612874984741
262 0.22154271602630615
263 0.2906982898712158
264 0.32355445623397827
265 0.3132539987564087
266 0.25364893674850464
267 0.1399611234664917
268 -0.02878105640411377
269 -0.24618417024612427
270 -0.49667951464653015
271 -0.7593960762023926
272 -1.0166834592819214
273 -1.2582993507385254
274 -1.4747062921524048
275 -1.6475940942764282
276 -1.754447102546692
277 -1.7850819826126099
278 -1.7445988655090332
279 -1.6402417421340942
280 -1.4725574254989624
281 -1.2377575635910034
282 -0.9387669563293457
283 -0.5947296023368835
284 -0.2296813428401947
285 0.14502108097076416
286 0.5186408758163452
287 0.8663560152053833
288 1.168664813041687
289 1.4203860759735107
290 1.610654354095459
291 1.724685788154602
292 1.7588907480239868
293 1.7208431959152222
294 1.6208044290542603
295 1.4663957357406616
296 1.2635730504989624
297 1.022382378578186
298 0.7610820531845093
299 0.5001957416534424
300 0.2535276412963867
301 0.032816946506500244
302 -0.14710736274719238
303 -0.2758386433124542
304 -0.35150784254074097
305 -0.37717729806900024
306 -0.35747185349464417
307 -0.2981145679950714
308 -0.20697858929634094
309 -0.09490790963172913
310 0.024765968322753906
311 0.1380164623260498
312 0.23218876123428345
313 0.2971033453941345
314 0.32478344440460205
315 0.30848008394241333
316 0.24214833974838257
317 0.12132522463798523
318 -0.054216206073760986
319 -0.27692005038261414
320 -0.5301741361618042
321 -0.7930240631103516
322 -1.0487480163574219
323 -1.287778615951538
324 -1.499841570854187
325 -1.6654096841812134
326 -1.7626484632492065
327 -1.7836710214614868
328 -1.7346826791763306
329 -1.6223196983337402
330 -1.4462236166000366
331 -1.2027173042297363
332 -0.8965438008308411
333 -0.5486392974853516
334 -0.181983083486557
335 0.19346249103546143
336 0.5653369426727295
337 0.9079004526138306
338 1.2039276361465454
339 1.4486112594604492
340 1.6297866106033325
341 1.733462929725647
342 1.7578240633010864
343 1.711269497871399
344 1.6038928031921387
345 1.4429153203964233
346 1.234441876411438
347 0.9894895553588867
348 0.7271831035614014
349 0.4675024747848511
